1669
10672
16807
27544
28635
30105
35001
53144
60903
75629
90412
91745
97157
98142
108930
111137
118024
125485
129560
130337
153177
186357
194298
211272
220094
236579
237709
243042
246882
260298
266298
280278
282327
308228
319451
339425
351816
354438
357944
374933
378840
379149
389814
406752
408013
425228
438165
446501
454666
475249
477904
484492
493099
509530
511967
515668
522503
531729
540977
542612
544303
546517
554536
558821
564440
570933
571490
580979
613512
616708
619358
621609
623865
640194
650073
702196
722294
723810
724115
727722
728549
731566
739063
777923
782188
783871
788124
795335
797801
799505
806853
807826
807987
807987
810404
817709
819336
821123
827968
833169
833169
844175
844897
847408
847408
850878
851501
853635
877633
880399
894091
899097
901393
901393
921153
921153
929267
929267
934195
934195
936716
936716
938981
938981
943658
943658
946231
955828
959745
959745
982397
982397
