16807
475249
650073
943658
108930
211272
27544
850878
777923
237709
564440
438165
484492
243042
807987
522503
282327
531729
378840
542612
544303
833169
817709
97157
129560
570933
493099
280278
351816
795335
899097
807826
613512
929267
723810
877633
580979
379149
236579
558821
511967
10672
901393
819336
125485
91745
425228
894091
640194
186357
35001
921153
616708
357944
515668
571490
788124
702196
509530
60903
727722
454666
728549
118024
797801
806853
540977
847408
308228
374933
260298
938981
28635
408013
623865
389814
739063
554536
339425
1669
724115
220094
75629
446501
546517
934195
30105
810404
319451
194298
782188
821123
799505
246882
406752
731566
936716
130337
354438
53144
851501
844897
783871
955828
111137
619358
153177
982397
722294
477904
621609
946231
959745
844175
853635
266298
98142
880399
827968
90412
400260
673557
441594
688008
2120